# Created by Octave 4.0.0, Tue Aug 21 19:58:55 2018 CDT <pablovc@IdeaDitac>
# name: k
# type: scalar
4


# name: rho
# type: matrix
# rows: 4
# columns: 629
 7.498798913309289e-31 0.004995834721974498 0.01993342215875847 0.04466351087439456 0.07893900599711483 0.1224174381096279 0.1746643850903232 0.2351578127155119 0.3032932906528359 0.3783900317293354 0.4596976941318613 0.5464038785744251 0.6376422455233269 0.7325011713754145 0.8300328570997589 0.9292627983322982 1.029199522301291 1.128844494295525 1.227202094693089 1.323289566863503 1.416146836547143 1.50484610459986 1.588501117255346 1.666276021279826 1.737393715541245 1.801143615546934 1.856888753368948 1.904072142017061 1.942222340668659 1.97095816514959 1.989992496600445 1.999135150273279 1.998294775794753 1.987479769908865 1.966798192579461 1.936456687290796 1.896758416334146 1.848100031710408 1.790967711914415 1.72593230420014 1.653643620863611 1.574823946533267 1.490260821340699 1.400799172079974 1.30733286997842 1.210795799430779 1.112152526935052 1.01238866346289 0.9125010165605514 0.8134876305774249 0.7163378145367726 0.622022257287017 0.5314833286996227 0.4456256638208374 0.3653071240573658 0.2913302257087391 0.2244341214897485 0.16528721516084 0.1144804830586801 0.07252156925596433 0.03982971334963363 0.01673156155741492 0.003457902976782483 0.0001413636165848903 0.006815081241807318 0.02341237427197676 0.04976740804147135 0.08561685176468076 0.1306025096501758 0.1842748998746428 0.2460977456566962 0.3154533335571956 0.3916486854677458 0.4739224826188965 0.5614526724256093 0.6533646821649753 0.7487401574177472 0.8466261379621358 0.9460445794373524 1.046002125639536 1.145500033808615 1.243544153735794 1.339154860983839 1.431376844970622 1.519288654116685 1.602011902684825 1.678720047320015 1.748646645597402 1.811093014061657 1.865435209241112 1.911130261884678 1.947721602131113 1.974843621404164 1.992225325452604 1.999693042035206 1.997172156196378 1.984687855794127 1.962364879831309 1.930426272104753 1.889191152625361 1.839071529076452 1.780568180169182 1.714265652027197 1.640826417594992 1.560984257427229 1.475536927995991 1.385338190771827 1.291289281721341 1.194329906455333 1.095428851000951 0.995574302011948 0.8957639731343001 0.796995136181245 0.7002546567229838 0.6065091336521096 0.5166952412469931 0.4317103702320239 0.3524036613461204 0.2795675210091604 0.213929703858961 0.1561460412675073 0.1067938884906761 0.066366355925361 0.0352673821133899 0.01380769772113645 0.002201720821419255 0.0005654144989953318 0.008915128185747382 0.02716743430256494 0.05513996184013915 0.09255321854980431 0.139033383537695 0.1941160423595521 0.2572508272963313 0.3278069164465315 0.405079336690109 0.4882960075468536 0.5766254555493388 0.6691851220509542 0.7650501814601764 0.8632627817921675 0.9628416152091767 1.062791722924087 1.16211443649972 1.259817356213755 1.354924266788706 1.446484891412268 1.533584386589122 1.615352482954722 1.690972180719126 1.759687912858822 1.82081309449267 1.873736983011083 1.917930780414294 1.95295291688718 1.978453462818885 1.994177625183815 1.99996829334934 1.995767608873289 1.981617543606384 1.957659480323384 1.924132800073129 1.881372490362234 1.829805798070649 1.769947960542069 1.702397057502713 1.627828035246385 1.546985962794235 1.460678587411362 1.369768263863169 1.275163338051596 1.177809071123114 1.078678194731839 0.9787611918263527 0.8790564000715212 0.7805600367885396 0.6842562450807554 0.5911072606011191 0.5020437972115835 0.4179557475978737 0.339683291755919 0.2680085021910525 0.2036475297080761 0.1472434478691262 0.09935982761522949 0.06047510625174361 0.03097780706094984 0.01116265730585393 0.001227643412789715 0.001272032756498618 0.01129538181333093 0.03119754059279018 0.06077965330313084 0.09974614525269603 0.1477076761345381 0.2041850301860567 0.2686139043545042 0.3403505466265416 0.4186781881855653 0.5028142051287989 0.5919179381866091 0.685099092312067 0.7814266322147421 0.8799380849575744 0.9796491566683219 1.079563567278541 1.178683005024736 1.276017101249472 1.370593325837643 1.461466704415914 1.547729260224269 1.628519086319689 1.70302895746539 1.77051439565857 1.830301108708528 1.881791727541325 1.924471774914122 1.957914805901717 1.981786668793277 1.99584884382578 1.999960826394637 1.994081530929261 1.978269701406506 1.952683324400268 1.917578050531859 1.873304640093515 1.820305458367488 1.759110055658387 1.690329876201572 1.614652148814466 1.532833020333397 1.445690000444332 1.354093793396354 1.25895959821261 1.161237964324184 1.061905293994419 0.9619540864302283 0.8623830210581196 0.7641869790494762 0.6683471027967461 0.575820992663002 0.487533138955628 0.4043656847247876 0.3271496116816524 0.2566564373038238 0.1935905060877447 0.1385819519712965 0.09218040224380269 0.05484948585182849 0.02696220097199951 0.008797188136526239 0.0005359461491044972 0.002261018608869897 0.01395516916203701 0.03550155372185165 0.06668488793607845 0.1071935982370909 0.1566229349819596 0.214479016577094 0.2801837641798776 0.3530806776713606 0.4324413951884572 0.5174729706748995 0.6073257967361254 0.701102093635533 0.7978648796128192 0.8966473328960305 0.996462451865095 1.096312916845762 1.195201054998127 1.292138808733837 1.386157608060934 1.476318048215019 1.561719275881151 1.641507990222387 1.714886968779666 1.781123033055115 1.839554374189223 1.889597165536209 1.930751396066886 1.962605866313567 1.984842296939239 1.997238508879474 1.99967064328221 1.99211439906445 1.974645275720657 1.947437818956757 1.910763876687146 1.864989882820188 1.81057319597173 1.748057529688999 1.678067519844558 1.601302483481151 1.518529431466978 1.430575404776626 1.338319210971054 1.242682643442919 1.144621271161719 1.04511489094451 0.9451577376499807 0.8457485501124147 0.7478805920733717 0.6525317278187355 0.5606546516819979 0.4731673690373868 0.3909440238936429 0.3148061647360122 0.2455145358853707 0.183761476392429 0.1301640024147885 0.08525764219546822 0.04949108524170744 0.02322169916773795 0.006711958995706777 0.0001268245920171547 0.003532092442875186 0.01689373823754723 0.04007825682802587 0.0728539961683366 0.1148934719052123 0.1657766394934904 0.2249950911423713 0.2919571356579951 0.365993710426271 0.4463650664653461 0.5322681597529274 0.6228446749766674 0.7171896015370656 0.8143602761142168 0.9133858014480939 1.013276747223061 1.113035036128484 1.211663916317327 1.308177920621115 1.401612713012127 1.491034723930242 1.575550478201344 1.654315522345952 1.726542862079235 1.791510825697758 1.848570274784606 1.897151090185845 1.93676786845267 1.967024771832203 1.987619483347477 1.998346227448742 1.999097826054726 1.989866769440603 1.97074529127268 1.941924447040094 1.903692205091506 1.856430569350571 1.800611762458993 1.736793507483987 1.665613455333758 1.587782813560386 1.504079240209084 1.415339073716056 1.322448976491301 1.226337075680912 1.127963689627403 1.028311732686309 0.9283768942708283 0.8291576902523422 0.7316454861199021 0.6368145915839365 0.5456125255957298 0.4589505490512413 0.3776945597734626 0.3026564407476037 0.2345859480546559 0.1741632195564993 0.1219919791831891 0.07859350472301613 0.0444014193871602 0.01975735918989163 0.004907559434461049 3.94411333552476e-07 0.005084894891327137 0.02011025822635669 0.0449263559527055 0.07928523382500245 0.1228435892930825 0.1751662016675867 0.235730280701225 0.3039306901361111 0.3790859940252393 0.4604452654151853 0.5471955893600203 0.6384701852987319 0.7333570676400639 0.8309081580211082 0.930148758192874 1.030087288883026 1.129725197328194 1.228066934483101 1.324129902217565 1.416954271112171 1.505612570756583 1.589218956727289 1.666938061652263 1.737993341925625 1.801674836674631 1.857346261454053 1.90445136579002 1.942519491050884 1.971170273112691 1.990117442831766 1.999171686351379 1.998242536663216 1.987339277523827 1.966570850694391 1.936144767430661 1.896365035099082 1.847629119635678 1.790423974197815 1.725321173689191 1.652971203772367 1.574096961431033 1.489486532022304 1.39998531498835 1.306487576904593 